7359417458
9045570022
7170745489
5416505101
3705372864
3219575188
2586109835
0447754555
1830579149
8704625892
1965063241
1364591430
0718432140
6209858807
0221987374
4929973614
5895698171
7673256471
9254749263
3372368245
2848736782
4899919791
6353769108
2407103680
9428092673
0700445215
6654859834
4924781872
3930899845
4933213174
8736207877
6910339280
8322652734
7673596402
5628857747
0096233883
0065901304
9351576164
8251438295
2865777709
1228661893
4915191089
3813013957
0770055578
8203135368
6994145681
7791645931
7141649791
9075704169
1225729711
9197790187
2588521492
8907152096
3411618063
8798893900
4596891526
6534209537
3240938100
5951532215
3172209569
9562066196
5583743429
9939132241
1458630416
7167257585
9517044964
7029217858
8855114150
5935240709
5183862551
7016998588
3320013950
9426054505
4094595381
3034320085
1661330014
0751494737
1458560668
4999435216
1129785721
5621306633
8684239740
7568748476
2326654689
5602659195
9656286722
2685171439
3565212387
2391614840
0203638576
9954813070
7859673202
6631712362
9939792479
0472678195
2924568922
6737207457
6154376768
5677052289
8489058634
