7375373802
6041334093
5609872011
5113506990
8435467332
5305444685
2215913265
0089287050
1843219729
5820104290
4112561406
1806259342
0090610327
0724074140
6706565619
8622106754
8087097165
8048549469
0627769548
5525756526
5819887867
9909315093
8914258147
1398375051
8286301995
1816432472
4769352140
5808919185
9818160492
7089043469
2379150892
9616821403
8065994577
3922055773
7874715125
8083973105
7101351915
1059919642
4534994796
7522673200
8483850829
5331079586
0216927985
9837243030
7115728522
5414295088
8305622481
6058812234
7211918272
1581162697
7007222853
8290783673
3926849539
2149608091
5131931894
1726249600
5773915056
2560534521
4766511339
6731652059
3931443412
1373636476
9705939031
0196226687
3829447873
8832892672
8569679167
5151877686
4822254124
1376909339
3225967230
0752913262
9735990949
8860588459
9668986367
0355469438
8758289264
4877891555
7153978219
6154995304
5547270325
9152942859
0337941124
2658209000
7952938902
7560414033
9457106393
6692651242
1214216107
1637528917
4849740931
5131190527
4968844058
3615040569
3786609135
1417175217
4369655712
0430416767
2645765045
4776905093
