2354399613
4061984625
6684899131
4243756125
3279711871
4514928391
0525367025
2257424410
5982767428
8137060975
2042958376
6616966038
7176041969
9707282699
3070818637
4578634895
5946746996
0069440034
7816980729
0615217594
3748955118
3271011753
6263917898
8502364136
7790517707
4442834175
8936865557
4139747845
6557636589
2721902589
5702982943
5661993985
4026098707
9776877890
6964357658
9353461008
5963074327
9720079610
9992540918
0876160949
3558750989
9103244662
8501772030
9036825888
9995417639
1595243031
0278587022
6702200514
1075623952
5865473186
2105826912
4292958030
6692272724
1108113098
5476278707
8702597059
5032202356
2199448286
6110158801
2775237840
8006890195
6383556013
4046420157
3124253644
7751715366
7305527750
3488358643
1446966374
9929021209
2474403673
4486486445
8612653051
3580393488
4255281921
5440232398
5310418726
0159734320
5188325582
3313768007
8448481840
3148008906
8671127375
4535273223
8706898292
1139232502
2308218525
1402865783
5349766153
6302110391
3771088156
2075266686
4529453890
2911547429
6050247610
1055764061
8047089145
7459426972
3352160200
3409503794
6520561770
