0566295050
5993229223
5605793070
0631358411
9211104205
0506788592
8302134176
1020237834
1861663115
8284050944
1018420869
1607784211
3513335495
6619589325
5622910467
9730091319
3327954097
2836099357
5979290760
9664022814
4992011759
1734913715
7126368230
2117357744
8897225230
1460434609
6890065671
9863080665
8572643786
1100489770
3103555786
1233646237
7516011483
8558002855
3627435851
1686150330
9776498468
0840856665
4032704948
7038164542
1252618646
2226378716
5392681154
3967293974
1507003159
5977295417
0468286870
6126453577
9050606707
6862102084
9084151210
0090382490
8365925018
6011506137
8040571845
8739411437
6822901355
6745202761
8278337016
4438303986
8142231173
8462139487
4182772583
7016320963
8540010822
8452396413
1017848728
1941871119
1734709835
3505066491
5994365887
2014580213
6528976118
1167649061
0860323253
0226860613
8629343872
2892076478
8625540052
1041714313
1225707953
7034432885
6736329860
5191364589
9689410638
6430491870
2125103350
4778025870
9529392315
3892927883
2181818628
4569644003
7221525698
1454537303
3688164140
8900545342
4206112725
9307457664
8967392787
2279857502
